PROMPT: python pico.py --device_id cuda --input_files input_files/input.txt --prompt "hello" --block_size 32
CONTEXT: Used input.txt file:
hello world
I am a possum
world is world
the cake is a lie
Order:
KGRAM
LSTM
[2.748666560649872, 2.134117592573166, 2.2133871579170226, 2.1955523431301116, 1.9951196813583374, 2.0546532052755357, 2.0649437683820726, 1.9961998265981675, 1.9592671072483063, 1.9698358821868895, 2.0010458850860595, 1.9437072092294694, 2.0951268026392333, 1.9202916264533996, 1.965732497572899, 1.9584800791740418, 1.9837910056114196, 1.9375696474313735, 1.9051395452022553, 1.9360563200712204, 1.9056523913145065, 1.8859940969944, 1.941443181037903, 1.8839196133613587, 1.872926191985607, 1.9202794097453284, 1.8810983765125275, 1.9031056022644044, 1.8208914983272553, 1.7906834232807158, 1.764615461230278, 1.7867181211709977, 1.8672097486257553, 1.835369393825531, 1.7915082114934922, 1.865748673081398, 1.7689927840232849, 1.8087009793519975, 1.8224881511035678]
[2.4657283383607864, 1.556937767267227, 1.4359881836175918, 1.3531940430402756, 1.3008878308534622, 1.2176273190975189, 1.2359942290186883, 1.1937203723192216, 1.0893860584497452, 1.0980496987700463, 1.0987092867493629, 1.0335146835446358, 1.328596066084983, 1.0145088943839073, 1.04367338180542, 0.9799135415256024, 0.9803949709236622, 0.9331130084395408, 0.9184580555558205, 0.9322925627231597, 0.9325309994816781, 0.9688764336705208, 0.9313264226913452, 0.9480737182497978, 0.9145102450251579, 0.9561150005157236, 0.8914741006493568, 0.9039404168725014, 0.8681191098690033, 0.8401024827361107, 0.7993462447822094, 0.8495692336559295, 0.9054019585251808, 0.8089915992319584, 0.8592016576230526, 0.8009736943244934, 0.8355407673120498, 0.8071519720554352, 0.845739862413334]
[2.483219759464264, 1.9756832802295685, 1.6897335082292557, 1.6677076959609984, 1.6609721666574477, 1.6858364325761794, 1.5941291326284408, 1.594796720147133, 1.5706751585006713, 1.5969690901041032, 1.565412785410881, 1.5423704695701599, 1.7161329260451808, 1.4853782486915588, 1.5517163026332854, 1.4476379272341728, 1.5666759198904037, 1.4421640622615814, 1.4053393548727036, 1.55318852186203, 1.5170338773727416, 1.4792260003089905, 1.4009312856197358, 1.4736254233121873, 1.5077264976501465, 1.4854975674602149, 1.4300653910636902, 1.5220358139276504, 1.4721567243337632, 1.4488782250881196, 1.43935351729393, 1.5021289575099945, 1.385838783979416, 1.4616488540172576, 1.5234988355636596, 1.500801096558571, 1.443782439827919, 1.4488361123204232, 1.461644112849407]